1 356 0 0    4.54 306.69      0 306.273 0 0 0 967298      0 0  0 306.273  0 0  0 0  0 0  0 967298       0 0  0 306.273  0 0  0 0  0 0  0 967298 
1 356 0 0    5.1 14.44      4.60148e-05 14.1729 8.10623e-06 0 0 967298      0 4.60148e-05  0 14.1729  0 8.10623e-06  0 0  0 0  0 967298       0 4.60148e-05  0 14.1729  0 8.10623e-06  0 0  0 0  0 967298 
1 356 0 0    4.66 1717.33      0 1716.94 0 0 0 967298      0 0  0 1716.94  0 0  0 0  0 0  0 967298       0 0  0 1716.94  0 0  0 0  0 0  0 967298 
1 356 0 0    4.24 1646      0 1645.73 0 0 0 967298      0 0  0 1645.73  0 0  0 0  0 0  0 967298       0 0  0 1645.73  0 0  0 0  0 0  0 967298 
1 356 0 0    4.28 1739.73      0 1739.42 0 0 0 967298      0 0  0 1739.42  0 0  0 0  0 0  0 967298       0 0  0 1739.42  0 0  0 0  0 0  0 967298 
1 356 0 0    5.18 63.38      0.000142813 63.0236 2.21729e-05 0 0 967298      0 0.000142813  0 63.0236  0 2.21729e-05  0 0  0 0  0 967298       0 0.000142813  0 63.0236  0 2.21729e-05  0 0  0 0  0 967298 
1 356 0 0    5.31 63.57      0.000192165 63.0297 2.59876e-05 0 0 967298      0 0.000192165  0 63.0297  0 2.59876e-05  0 0  0 0  0 967298       0 0.000192165  0 63.0297  0 2.59876e-05  0 0  0 0  0 967298 
1 356 0 0    5.27 63.96      0.000132084 63.4692 2.19345e-05 0 0 967298      0 0.000132084  0 63.4692  0 2.19345e-05  0 0  0 0  0 967298       0 0.000132084  0 63.4692  0 2.19345e-05  0 0  0 0  0 967298 
1 356 0 0    5.27 64.03      0.000183105 63.6219 2.7895e-05 0 0 967298      0 0.000183105  0 63.6219  0 2.7895e-05  0 0  0 0  0 967298       0 0.000183105  0 63.6219  0 2.7895e-05  0 0  0 0  0 967298 
1 356 0 0    5.23 64.15      0.00013876 63.7096 2.52724e-05 0 0 967298      0 0.00013876  0 63.7096  0 2.52724e-05  0 0  0 0  0 967298       0 0.00013876  0 63.7096  0 2.52724e-05  0 0  0 0  0 967298 
1 356 0 0    5.32 64.25      0.000153065 63.7458 2.28882e-05 0 0 967298      0 0.000153065  0 63.7458  0 2.28882e-05  0 0  0 0  0 967298       0 0.000153065  0 63.7458  0 2.28882e-05  0 0  0 0  0 967298 
1 356 0 0    5.31 64.27      0.00014019 63.7866 2.40803e-05 0 0 967298      0 0.00014019  0 63.7866  0 2.40803e-05  0 0  0 0  0 967298       0 0.00014019  0 63.7866  0 2.40803e-05  0 0  0 0  0 967298 
1 356 0 0    5.31 64.27      0.000152111 63.805 2.38419e-05 0 0 967298      0 0.000152111  0 63.805  0 2.38419e-05  0 0  0 0  0 967298       0 0.000152111  0 63.805  0 2.38419e-05  0 0  0 0  0 967298 
1 356 0 0    5.35 64.28      0.000172853 63.7627 2.59876e-05 0 0 967298      0 0.000172853  0 63.7627  0 2.59876e-05  0 0  0 0  0 967298       0 0.000172853  0 63.7627  0 2.59876e-05  0 0  0 0  0 967298 
1 356 0 0    5.23 64.5      0.000162125 64.0411 2.5034e-05 0 0 967298      0 0.000162125  0 64.0411  0 2.5034e-05  0 0  0 0  0 967298       0 0.000162125  0 64.0411  0 2.5034e-05  0 0  0 0  0 967298 
1 356 0 0    5.26 64.66      0.000183105 64.199 2.81334e-05 0 0 967298      0 0.000183105  0 64.199  0 2.81334e-05  0 0  0 0  0 967298       0 0.000183105  0 64.199  0 2.81334e-05  0 0  0 0  0 967298 
1 356 0 0    5.28 64.68      0.000159979 64.1682 2.5034e-05 0 0 967298      0 0.000159979  0 64.1682  0 2.5034e-05  0 0  0 0  0 967298       0 0.000159979  0 64.1682  0 2.5034e-05  0 0  0 0  0 967298 
1 356 0 0    4.89 1590.89      0.000874281 1590.38 0.000211477 0 0 967298      0 0.000874281  0 1590.38  0 0.000211477  0 0  0 0  0 967298       0 0.000874281  0 1590.38  0 0.000211477  0 0  0 0  0 967298 
1 356 0 0    4.84 1591.03      0.00134444 1590.63 0.000256777 0 0 967298      0 0.00134444  0 1590.63  0 0.000256777  0 0  0 0  0 967298       0 0.00134444  0 1590.63  0 0.000256777  0 0  0 0  0 967298 
1 356 0 0    4.94 1591.2      0.00111437 1590.69 0.000242472 0 0 967298      0 0.00111437  0 1590.69  0 0.000242472  0 0  0 0  0 967298       0 0.00111437  0 1590.69  0 0.000242472  0 0  0 0  0 967298 
1 356 0 0    4.83 1591.4      0.00138092 1591.01 0.000268698 0 0 967298      0 0.00138092  0 1591.01  0 0.000268698  0 0  0 0  0 967298       0 0.00138092  0 1591.01  0 0.000268698  0 0  0 0  0 967298 
1 356 0 0    4.87 1591.4      0.00106144 1590.96 0.000215769 0 0 967298      0 0.00106144  0 1590.96  0 0.000215769  0 0  0 0  0 967298       0 0.00106144  0 1590.96  0 0.000215769  0 0  0 0  0 967298 
1 356 0 0    4.85 1591.69      0.00108624 1591.27 0.000208378 0 0 967298      0 0.00108624  0 1591.27  0 0.000208378  0 0  0 0  0 967298       0 0.00108624  0 1591.27  0 0.000208378  0 0  0 0  0 967298 
1 356 0 0    4.93 1591.65      0.0015552 1591.12 0.000366449 0 0 967298      0 0.0015552  0 1591.12  0 0.000366449  0 0  0 0  0 967298       0 0.0015552  0 1591.12  0 0.000366449  0 0  0 0  0 967298 
1 356 0 0    4.9 1591.71      0.00115871 1591.24 0.000256538 0 0 967298      0 0.00115871  0 1591.24  0 0.000256538  0 0  0 0  0 967298       0 0.00115871  0 1591.24  0 0.000256538  0 0  0 0  0 967298 
1 356 0 0    4.92 1591.94      0.0012145 1591.46 0.000237942 0 0 967298      0 0.0012145  0 1591.46  0 0.000237942  0 0  0 0  0 967298       0 0.0012145  0 1591.46  0 0.000237942  0 0  0 0  0 967298 
1 356 0 0    4.93 1591.96      0.00138283 1591.44 0.000299931 0 0 967298      0 0.00138283  0 1591.44  0 0.000299931  0 0  0 0  0 967298       0 0.00138283  0 1591.44  0 0.000299931  0 0  0 0  0 967298 
1 356 0 0    4.84 1592.21      0.00106239 1591.83 0.000223637 0 0 967298      0 0.00106239  0 1591.83  0 0.000223637  0 0  0 0  0 967298       0 0.00106239  0 1591.83  0 0.000223637  0 0  0 0  0 967298 
1 356 0 0    4.94 1592.3      0.00165629 1591.73 0.000300407 0 0 967298      0 0.00165629  0 1591.73  0 0.000300407  0 0  0 0  0 967298       0 0.00165629  0 1591.73  0 0.000300407  0 0  0 0  0 967298 
1 356 0 0    3.42 39.75      9.9659e-05 39.482 1.81198e-05 0 0 967298      0 9.9659e-05  0 39.482  0 1.81198e-05  0 0  0 0  0 967298       0 9.9659e-05  0 39.482  0 1.81198e-05  0 0  0 0  0 967298 
1 356 0 0    3.4 39.74      0.000100136 39.4714 1.69277e-05 0 0 967298      0 0.000100136  0 39.4714  0 1.69277e-05  0 0  0 0  0 967298       0 0.000100136  0 39.4714  0 1.69277e-05  0 0  0 0  0 967298 
1 356 0 0    3.39 39.82      0.000129938 39.5436 2.21729e-05 0 0 967298      0 0.000129938  0 39.5436  0 2.21729e-05  0 0  0 0  0 967298       0 0.000129938  0 39.5436  0 2.21729e-05  0 0  0 0  0 967298 
1 356 0 0    3.4 40.22      8.4877e-05 39.9306 1.4782e-05 0 0 967298      0 8.4877e-05  0 39.9306  0 1.4782e-05  0 0  0 0  0 967298       0 8.4877e-05  0 39.9306  0 1.4782e-05  0 0  0 0  0 967298 
1 356 0 0    3.39 40.72      9.39369e-05 40.4348 1.5974e-05 0 0 967298      0 9.39369e-05  0 40.4348  0 1.5974e-05  0 0  0 0  0 967298       0 9.39369e-05  0 40.4348  0 1.5974e-05  0 0  0 0  0 967298 
1 356 0 0    7.7 36.38      6.60419e-05 35.7234 1.19209e-05 0 0 967298      0 6.60419e-05  0 35.7234  0 1.19209e-05  0 0  0 0  0 967298       0 6.60419e-05  0 35.7234  0 1.19209e-05  0 0  0 0  0 967298 
1 356 0 0    7.75 36.37      6.31809e-05 35.7114 1.07288e-05 0 0 967298      0 6.31809e-05  0 35.7114  0 1.07288e-05  0 0  0 0  0 967298       0 6.31809e-05  0 35.7114  0 1.07288e-05  0 0  0 0  0 967298 
1 356 0 0    3.38 40.78      8.89301e-05 40.4974 1.40667e-05 0 0 967298      0 8.89301e-05  0 40.4974  0 1.40667e-05  0 0  0 0  0 967298       0 8.89301e-05  0 40.4974  0 1.40667e-05  0 0  0 0  0 967298 
1 356 0 0    3.43 40.72      9.20296e-05 40.3786 1.5974e-05 0 0 967298      0 9.20296e-05  0 40.3786  0 1.5974e-05  0 0  0 0  0 967298       0 9.20296e-05  0 40.3786  0 1.5974e-05  0 0  0 0  0 967298 
1 356 0 0    3.5 40.86      0.000110149 40.4637 1.71661e-05 0 0 967298      0 0.000110149  0 40.4637  0 1.71661e-05  0 0  0 0  0 967298       0 0.000110149  0 40.4637  0 1.71661e-05  0 0  0 0  0 967298 
1 356 0 0    3.55 40.87      0.000101805 40.4543 1.5974e-05 0 0 967298      0 0.000101805  0 40.4543  0 1.5974e-05  0 0  0 0  0 967298       0 0.000101805  0 40.4543  0 1.5974e-05  0 0  0 0  0 967298 
1 356 0 0    3.59 40.83      9.70364e-05 40.3385 1.4782e-05 0 0 967298      0 9.70364e-05  0 40.3385  0 1.4782e-05  0 0  0 0  0 967298       0 9.70364e-05  0 40.3385  0 1.4782e-05  0 0  0 0  0 967298 
1 356 0 0    3.33 157.7      0.000226974 157.446 4.3869e-05 0 0 967298      0 0.000226974  0 157.446  0 4.3869e-05  0 0  0 0  0 967298       0 0.000226974  0 157.446  0 4.3869e-05  0 0  0 0  0 967298 
1 356 0 0    3.36 157.76      0.000192881 157.495 3.98159e-05 0 0 967298      0 0.000192881  0 157.495  0 3.98159e-05  0 0  0 0  0 967298       0 0.000192881  0 157.495  0 3.98159e-05  0 0  0 0  0 967298 
1 356 0 0    3.33 157.74      0.000221014 157.469 4.55379e-05 0 0 967298      0 0.000221014  0 157.469  0 4.55379e-05  0 0  0 0  0 967298       0 0.000221014  0 157.469  0 4.55379e-05  0 0  0 0  0 967298 
1 356 0 0    7.6 194.58      0.000225306 193.94 4.00543e-05 0 0 967298      0 0.000225306  0 193.94  0 4.00543e-05  0 0  0 0  0 967298       0 0.000225306  0 193.94  0 4.00543e-05  0 0  0 0  0 967298 
1 356 0 0    7.54 217.41      0.000219107 216.778 4.29153e-05 0 0 967298      0 0.000219107  0 216.778  0 4.29153e-05  0 0  0 0  0 967298       0 0.000219107  0 216.778  0 4.29153e-05  0 0  0 0  0 967298 
1 356 0 0    3.39 232.72      0.000231266 232.405 4.31538e-05 0 0 967298      0 0.000231266  0 232.405  0 4.31538e-05  0 0  0 0  0 967298       0 0.000231266  0 232.405  0 4.31538e-05  0 0  0 0  0 967298 
1 356 0 0    3.4 232.76      0.000212431 232.438 4.17233e-05 0 0 967298      0 0.000212431  0 232.438  0 4.17233e-05  0 0  0 0  0 967298       0 0.000212431  0 232.438  0 4.17233e-05  0 0  0 0  0 967298 
1 356 0 0    3.44 232.77      0.00026679 232.417 5.91278e-05 0 0 967298      0 0.00026679  0 232.417  0 5.91278e-05  0 0  0 0  0 967298       0 0.00026679  0 232.417  0 5.91278e-05  0 0  0 0  0 967298 
1 356 0 0    3.43 232.78      0.000239611 232.435 4.43459e-05 0 0 967298      0 0.000239611  0 232.435  0 4.43459e-05  0 0  0 0  0 967298       0 0.000239611  0 232.435  0 4.43459e-05  0 0  0 0  0 967298 
1 356 0 0    3.42 232.79      0.000218153 232.427 4.07696e-05 0 0 967298      0 0.000218153  0 232.427  0 4.07696e-05  0 0  0 0  0 967298       0 0.000218153  0 232.427  0 4.07696e-05  0 0  0 0  0 967298 
1 356 0 0    3.5 232.82      0.000243664 232.387 5.10216e-05 0 0 967298      0 0.000243664  0 232.387  0 5.10216e-05  0 0  0 0  0 967298       0 0.000243664  0 232.387  0 5.10216e-05  0 0  0 0  0 967298 
1 356 0 0    3.35 233.99      0.000181437 233.713 3.48091e-05 0 0 967298      0 0.000181437  0 233.713  0 3.48091e-05  0 0  0 0  0 967298       0 0.000181437  0 233.713  0 3.48091e-05  0 0  0 0  0 967298 
1 356 0 0    5.18 1798.45      0.00167322 1798.06 0.000339508 0 0 967298      0 0.00167322  0 1798.06  0 0.000339508  0 0  0 0  0 967298       0 0.00167322  0 1798.06  0 0.000339508  0 0  0 0  0 967298 
1 356 0 0    4.69 1798.99      0.00112581 1798.55 0.000229836 0 0 967298      0 0.00112581  0 1798.55  0 0.000229836  0 0  0 0  0 967298       0 0.00112581  0 1798.55  0 0.000229836  0 0  0 0  0 967298 
1 356 0 0    5.19 1798.54      0.00153923 1798.14 0.000330448 0 0 967298      0 0.00153923  0 1798.14  0 0.000330448  0 0  0 0  0 967298       0 0.00153923  0 1798.14  0 0.000330448  0 0  0 0  0 967298 
1 356 0 0    5.23 1798.6      0.00149465 1798.13 0.000333548 0 0 967298      0 0.00149465  0 1798.13  0 0.000333548  0 0  0 0  0 967298       0 0.00149465  0 1798.13  0 0.000333548  0 0  0 0  0 967298 
1 356 0 0    4.74 1799.32      0.0014627 1798.85 0.000328064 0 0 967298      0 0.0014627  0 1798.85  0 0.000328064  0 0  0 0  0 967298       0 0.0014627  0 1798.85  0 0.000328064  0 0  0 0  0 967298 
1 356 0 0    4.68 1799.46      0.00117493 1799.03 0.000241041 0 0 967298      0 0.00117493  0 1799.03  0 0.000241041  0 0  0 0  0 967298       0 0.00117493  0 1799.03  0 0.000241041  0 0  0 0  0 967298 
1 356 0 0    5.17 1798.82      0.00133038 1798.46 0.000308275 0 0 967298      0 0.00133038  0 1798.46  0 0.000308275  0 0  0 0  0 967298       0 0.00133038  0 1798.46  0 0.000308275  0 0  0 0  0 967298 
1 356 0 0    5.21 1799.34      0.0013895 1798.91 0.000303507 0 0 967298      0 0.0013895  0 1798.91  0 0.000303507  0 0  0 0  0 967298       0 0.0013895  0 1798.91  0 0.000303507  0 0  0 0  0 967298 
1 356 0 0    5.21 1799.39      0.00132132 1798.96 0.000327826 0 0 967298      0 0.00132132  0 1798.96  0 0.000327826  0 0  0 0  0 967298       0 0.00132132  0 1798.96  0 0.000327826  0 0  0 0  0 967298 
1 356 0 0    5.15 1799.9      0.00160313 1799.56 0.000300884 0 0 967298      0 0.00160313  0 1799.56  0 0.000300884  0 0  0 0  0 967298       0 0.00160313  0 1799.56  0 0.000300884  0 0  0 0  0 967298 
1 356 0 0    4.71 1800.53      0.0010426 1800.1 0.000197411 0 0 967298      0 0.0010426  0 1800.1  0 0.000197411  0 0  0 0  0 967298       0 0.0010426  0 1800.1  0 0.000197411  0 0  0 0  0 967298 
1 356 0 0    5.21 1800.22      0.00142884 1799.79 0.000315666 0 0 967298      0 0.00142884  0 1799.79  0 0.000315666  0 0  0 0  0 967298       0 0.00142884  0 1799.79  0 0.000315666  0 0  0 0  0 967298 
1 356 0 0    4.6 80.95      0.00013423 80.5884 1.97887e-05 0 0 967298      0 0.00013423  0 80.5884  0 1.97887e-05  0 0  0 0  0 967298       0 0.00013423  0 80.5884  0 1.97887e-05  0 0  0 0  0 967298 
1 356 0 0    4.63 81.13      0.000176191 80.7373 2.59876e-05 0 0 967298      0 0.000176191  0 80.7373  0 2.59876e-05  0 0  0 0  0 967298       0 0.000176191  0 80.7373  0 2.59876e-05  0 0  0 0  0 967298 
1 356 0 0    4.65 81.18      0.00019002 80.7301 2.81334e-05 0 0 967298      0 0.00019002  0 80.7301  0 2.81334e-05  0 0  0 0  0 967298       0 0.00019002  0 80.7301  0 2.81334e-05  0 0  0 0  0 967298 
1 356 0 0    5.13 80.69      0.000205278 80.2989 3.17097e-05 0 0 967298      0 0.000205278  0 80.2989  0 3.17097e-05  0 0  0 0  0 967298       0 0.000205278  0 80.2989  0 3.17097e-05  0 0  0 0  0 967298 
1 356 0 0    4.68 81.19      0.000193119 80.6892 3.21865e-05 0 0 967298      0 0.000193119  0 80.6892  0 3.21865e-05  0 0  0 0  0 967298       0 0.000193119  0 80.6892  0 3.21865e-05  0 0  0 0  0 967298 
1 356 0 0    5.13 80.91      0.00017786 80.5207 3.31402e-05 0 0 967298      0 0.00017786  0 80.5207  0 3.31402e-05  0 0  0 0  0 967298       0 0.00017786  0 80.5207  0 3.31402e-05  0 0  0 0  0 967298 
1 356 0 0    5.14 80.94      0.000178099 80.539 2.69413e-05 0 0 967298      0 0.000178099  0 80.539  0 2.69413e-05  0 0  0 0  0 967298       0 0.000178099  0 80.539  0 2.69413e-05  0 0  0 0  0 967298 
1 356 0 0    5.21 80.95      0.000236034 80.4501 4.1008e-05 0 0 967298      0 0.000236034  0 80.4501  0 4.1008e-05  0 0  0 0  0 967298       0 0.000236034  0 80.4501  0 4.1008e-05  0 0  0 0  0 967298 
1 356 0 0    5.17 81.04      0.000576735 80.6008 3.69549e-05 0 0 967298      0 0.000576735  0 80.6008  0 3.69549e-05  0 0  0 0  0 967298       0 0.000576735  0 80.6008  0 3.69549e-05  0 0  0 0  0 967298 
1 356 0 0    5.11 81.76      0.000207186 81.4058 3.71933e-05 0 0 967298      0 0.000207186  0 81.4058  0 3.71933e-05  0 0  0 0  0 967298       0 0.000207186  0 81.4058  0 3.71933e-05  0 0  0 0  0 967298 
1 356 0 0    5.11 82.13      0.000154734 81.7503 2.57492e-05 0 0 967298      0 0.000154734  0 81.7503  0 2.57492e-05  0 0  0 0  0 967298       0 0.000154734  0 81.7503  0 2.57492e-05  0 0  0 0  0 967298 
1 356 0 0    5.12 82.18      0.00013423 81.7947 2.57492e-05 0 0 967298      0 0.00013423  0 81.7947  0 2.57492e-05  0 0  0 0  0 967298       0 0.00013423  0 81.7947  0 2.57492e-05  0 0  0 0  0 967298 
4 356 0 0    2.7 70.4      1.69654 68.5925 0.0117524 0 0 241824      0 1.422  3 68.3862  3 0.0109208  0 0  0 0  3 240985       3 1.90411  0 68.8665  1 0.0128236  0 0  0 0  0 242664 
4 356 0 0    2.65 64.72      1.03587 63.5763 0.0104486 0 0 241824      0 0.847699  3 63.3551  1 0.00961828  0 0  0 0  3 240985       3 1.25662  0 63.7646  3 0.0113983  0 0  0 0  0 242664 
1 356 0 0    3.76 115.78      0 115.554 0 0 0 967298      0 0  0 115.554  0 0  0 0  0 0  0 967298       0 0  0 115.554  0 0  0 0  0 0  0 967298 
1 356 0 0    5.28 119.85      0 119.61 0 0 0 967298      0 0  0 119.61  0 0  0 0  0 0  0 967298       0 0  0 119.61  0 0  0 0  0 0  0 967298 
1 356 0 0    3.68 121.83      0 121.606 0 0 0 967298      0 0  0 121.606  0 0  0 0  0 0  0 967298       0 0  0 121.606  0 0  0 0  0 0  0 967298 
